158.299
135
130
163.983
136.983
130
145
125
135
145
135
174.915
130
164.983
146
135
130
146
135
159.949
140
163
120
147
151.983
145
146.983
136
152.983
130
141
130
130
137
141.983
147
125
159.846
135
136
135
135
135
168.949
145
140
135
162.821
146.983
135
135
131
157.983
135
135
157.983
151.983
151.146
156.479
135
130
152
141
140
120
135
159.829
140
130
130
153.88
140
146
140
125
140
162.983
145
145
160
141.983
141
135
130.983
135
156.992
151.983
145.983
157.983
164.975
141
141
158.983
130
145
157
125
136
145.983
135
135.026
144.419
145
174.504
140.111
142.966
120.009
174.394
139.283
158.026
149.949
140
141.709
134.163
147.983
135
156.214
169.983
145.983
135
140
135
140
153.915
135
140
138.907
156.078
130
