55.0061,64.5699	53.402,64.6288	51.8747,65.3531	50.3258,65.5849	48.8528,66.3335	47.511,67.0516	46.1187,67.6417	44.6812,68.3832	43.3871,69.471	42.0164,70.3572	41.1262,71.6513	39.5543,72.1232	38.0071,72.6927	36.8828,73.7453	35.7404,74.7528	34.4423,75.7267	33.2044,76.6121	32.0402,77.6286	
55.0351,64.6509	53.381,64.4463	51.9029,65.4613	50.6409,66.5803	49.4094,67.648	48.5035,68.9141	47.9038,70.4092	46.7305,71.416	45.697,72.7883	44.4507,73.7035	43.8471,75.1824	43.3536,76.6747	42.1735,77.7135	41.0196,78.7442	40.0687,79.9529	38.9754,81.2642	38.9539,82.9624	38.0106,84.1896	
55.0253,64.5949	53.5097,65.3249	52.0028,65.903	50.7069,66.8008	49.4448,67.7946	48.5107,69.0269	47.6024,70.4059	46.6212,71.8903	45.8448,73.1727	45.1985,74.5576	44.2662,75.7688	43.355,76.9912	42.3303,78.2763	41.5914,79.6611	40.199,80.4802	38.8461,81.446	37.5858,82.3011	36.2715,83.0852	
55.0177,64.6561	53.4487,64.5597	51.9517,65.2134	50.6558,66.2139	49.1273,66.7896	47.6769,67.2277	46.31,67.9252	45.026,68.9089	43.7818,69.7836	42.2028,69.9695	40.7916,70.5423	39.4158,71.1909	38.3608,72.3896	37.4617,73.6459	36.0753,74.3748	34.7756,75.1771	32.9376,75.2216	31.4719,75.6236	
55.0099,64.6344	53.505,64.9012	52.0776,65.8752	50.7527,66.8011	49.5464,67.9411	48.5008,69.2005	47.7244,70.839	47.1885,72.4007	46.2727,73.7404	45.4475,75.1158	44.9102,76.6838	44.8767,78.2694	44.8898,79.9165	44.7084,81.5577	43.8681,83.0545	42.945,84.4017	41.9847,85.7784	41.321,87.1374	
55.0222,64.6125	53.385,64.172	51.7873,64.2967	50.2222,64.1782	48.6423,64.5964	46.9363,64.6666	45.3492,64.7896	43.8026,65.1186	42.3685,66.0637	41.0498,67.0443	39.4854,67.1779	37.8995,67.9613	36.6441,68.8417	35.5369,69.9542	34.7757,71.5233	34.0203,72.8341	33.0787,74.0455	32.09,75.2044	
55.0227,64.6203	53.4185,64.4107	51.8979,64.6718	50.3657,64.1959	48.7731,64.2007	47.1675,64.514	45.5889,64.7699	44.0079,64.8354	42.5618,63.5236	41.373,62.4162	40.1525,61.3087	38.5076,60.9174	36.8448,61.0662	35.2324,60.6643	33.8744,59.6451	32.4189,61.1331	31.4216,62.5167	30.3867,63.9461	
55.0244,64.641	53.4264,64.7969	52.0842,65.6802	51.0438,67.0473	50.0184,68.2833	49.0847,69.4739	48.2469,70.7332	47.3273,71.9568	46.5198,73.2695	45.1738,74.3271	44.1334,75.4135	43.4994,76.8456	42.9572,78.2734	41.9959,79.5012	40.8899,80.5515	39.9717,81.79	39.2931,83.2015	38.6238,84.6096	
55.0343,64.6468	53.4378,64.4991	51.9923,65.1249	50.5556,65.9506	48.9592,66.1331	47.5166,66.907	46.2083,67.9995	44.7387,68.674	43.2029,69.1747	41.7206,69.4808	40.1137,69.7887	38.8644,70.7419	37.2386,71.0902	35.7097,71.2706	34.1282,71.8935	32.5454,71.5609	30.9971,71.3722	29.3795,71.6164	
54.9958,64.5828	53.4055,64.6505	51.8397,64.7183	50.3936,65.3874	48.8966,65.9918	47.4036,66.6459	46.0196,67.8195	44.572,68.5508	42.7993,68.3861	41.0215,68.2466	39.4959,67.3224	37.965,66.7526	36.3769,66.9377	34.7355,66.5358	33.1188,66.3044	31.5694,66.5917	29.9386,66.5235	28.5519,65.4455	
54.9942,64.5851	53.4247,64.6582	51.9379,64.9965	50.4256,65.4378	48.8701,65.8222	47.5299,66.7872	46.1766,67.6122	44.9469,68.6579	43.6441,69.6016	41.969,70.2041	40.6508,71.0074	39.3408,71.7797	37.8415,72.1284	36.3039,72.5763	35.0261,73.7562	34.0638,74.9873	32.7692,75.829	30.8664,75.7195	
55.0404,64.6352	53.4297,64.367	51.9237,64.6461	50.2975,64.5565	48.6997,64.3057	47.0712,64.3721	45.4863,64.0937	43.9129,63.6604	42.4966,62.7416	41.3276,61.5427	39.9934,60.8008	39.2463,59.1916	38.2215,58.0683	36.2857,57.8105	35.2117,56.5913	35.0623,54.7997	34.5225,53.3716	33.8742,52.0093	
55.0223,64.6339	53.4474,64.8152	52.1266,65.9308	51.145,67.2924	49.7007,67.9678	48.2821,68.7346	47.2464,69.9828	46.3553,71.2403	45.5028,72.6197	44.7081,73.8948	43.9721,75.2211	43.4784,76.6896	43.0924,78.2994	42.3745,79.6515	41.4467,80.9334	40.5017,82.155	39.1906,83.0457	37.893,83.8851	
55.0357,64.672	53.518,65.1518	52.0536,65.8665	50.812,66.9723	49.7699,68.2699	48.8092,69.6149	47.4688,70.4418	45.981,70.9664	44.5372,71.5038	43.1237,72.0368	41.6574,72.716	40.4734,73.9057	39.4722,75.0804	38.3576,76.0925	37.0562,76.893	35.6098,77.787	34.2176,78.3927	32.8675,79.1227	
54.9991,64.6005	53.4827,64.6727	52.0281,65.3132	50.4678,65.7165	48.8458,65.896	47.2617,66.2153	45.6326,66.2664	44.0725,66.5596	42.3125,66.5204	40.6863,66.437	39.047,66.5198	37.5218,66.7356	36.0059,67.0382	34.5454,67.4636	33.1071,68.0265	31.7918,68.8519	30.2614,69.1282	28.7107,69.1409	
55.013,64.6103	53.4235,64.6422	51.9403,65.0677	50.3694,65.3044	48.7878,65.4587	47.1902,65.668	45.6027,66.0712	44.13,66.8038	42.8912,67.9279	42.0624,69.3912	40.7973,70.4409	39.4587,71.4249	38.2365,72.3404	37.4232,73.6646	36.544,74.923	35.2359,76.0318	33.8377,76.9635	32.5132,77.7301	
55.0105,64.5766	53.3912,64.4271	51.9149,64.8525	50.359,65.1015	48.8648,65.7597	47.322,66.2288	45.6428,65.8874	44.0675,66.5578	42.4677,66.7893	40.8383,66.372	39.4446,65.696	37.9668,65.0307	36.5121,64.2999	34.9112,63.8975	33.332,64.0084	31.811,63.7091	30.1535,63.9614	28.7006,63.283	
55.0345,64.6529	53.4794,64.9147	52.0941,65.662	51.0232,67.1743	50.5389,68.931	49.9907,70.4177	49.5749,71.9567	48.7871,73.5069	48.0106,74.8898	47.562,76.4473	46.9102,77.8952	45.9339,79.2313	44.7965,80.4578	43.7449,81.5932	43.5107,83.214	42.4523,84.3731	41.5057,85.5803	40.8379,86.9794	
55.0173,64.61	53.4674,64.5417	51.9773,65.2595	50.7277,66.4365	49.5867,67.5415	48.1494,68.3293	46.7679,69.1553	45.6514,70.3498	44.3504,71.3048	43.0222,72.2681	42.4566,73.8382	42.0871,75.4905	41.6523,77.0816	41.2592,78.5539	40.154,79.7202	39.0835,80.8215	38.2042,82.0648	36.625,82.8541	
55.0216,64.5867	53.4397,64.5124	51.931,64.6799	50.3385,64.8102	48.8483,65.4815	47.3427,66.0252	45.8215,66.5424	44.4071,67.4027	42.9009,68.009	41.2593,68.257	39.8988,68.9026	38.4173,69.2863	37.2852,70.6216	36.2131,71.7112	34.9675,72.7649	33.4239,73.1808	33.9647,75.574	34.1095,77.1167	
55.0218,64.593	53.4482,64.2711	51.8441,64.5863	50.2755,64.4055	48.6963,63.8133	47.0854,63.7302	45.6516,62.9049	44.5522,61.5662	43.697,60.2641	42.1698,59.5315	40.7103,58.9384	40.3959,57.1917	40.0677,55.5738	39.981,53.9539	39.4635,52.5382	38.3797,51.3872	37.6931,50.0344	37.0584,48.4898	
54.9977,64.585	53.4314,64.7949	51.8941,65.3896	50.8745,66.9482	50.2419,68.5463	49.1981,69.7764	47.8219,70.5404	46.2182,70.8949	44.8893,71.6439	43.3343,72.1839	41.7073,72.4784	40.4659,73.4018	39.0781,74.259	37.6728,75.0859	36.7141,76.5655	35.5761,77.5859	34.6141,78.7737	33.4711,79.8169	
55.0295,64.6248	53.4632,64.58	51.8784,64.863	50.3939,65.4691	48.8177,65.8123	47.5056,66.9436	46.2738,68.0113	44.8945,68.6574	43.2511,68.8902	41.7162,69.4569	40.2405,69.8506	38.5981,70.0028	37.1202,70.3443	35.4918,70.55	33.9209,71.2088	32.3374,70.9763	31.2238,72.7412	30.1585,73.8618	
55.0224,64.5995	53.4439,64.6681	51.9698,65.5526	50.5036,66.1923	49.095,66.9861	47.699,67.782	46.2723,68.5444	44.7517,69.1756	42.9758,69.0961	41.3494,69.2806	39.8324,69.3213	38.3139,69.2194	36.869,69.8514	35.3344,69.6433	33.9224,70.435	32.9444,71.814	31.3361,72.0064	29.6914,71.7138	
55.02,64.6641	53.4924,64.7841	52.0658,65.7673	50.7318,66.6291	49.369,67.4024	47.8992,68.0451	46.5176,68.8156	45.4592,69.9702	44.0214,70.5371	42.8253,71.4831	42.0211,72.8664	40.9843,73.9738	39.5769,74.6584	37.9744,74.9459	36.4453,75.5787	34.957,75.9719	33.2665,76.3287	31.9119,77.0311	
54.9953,64.5571	53.3623,64.1248	51.7835,64.6834	50.3014,65.1527	48.7268,65.3983	47.0713,65.3806	45.5078,64.7802	44.0581,64.0852	42.8004,63.2076	41.5894,62.299	40.7405,60.7935	40.1344,59.3449	39.2137,57.9306	38.3111,56.5524	37.6594,55.1758	36.7868,53.9445	35.733,52.8076	35.4527,51.2269	
55.0062,64.5792	53.4724,64.4622	51.8759,64.5564	50.4663,65.3827	48.9355,65.6846	47.3164,65.6574	45.7058,65.9448	44.0792,66.1918	42.5946,66.9179	41.3092,67.7796	39.9129,68.3447	38.5183,69.2224	37.0316,70.3067	35.4442,70.8299	33.9526,71.2685	32.7917,72.41	31.7065,73.4981	30.0886,74.642	
55.0229,64.6283	53.4121,64.6894	51.8225,65.0935	50.2635,65.4725	48.7751,66.1402	47.2282,66.579	45.7654,67.2234	44.5782,68.399	43.2604,69.2212	41.8544,70.0273	40.5411,70.947	39.2235,71.7268	38.0523,72.7523	36.9938,74.0599	35.8081,75.1752	34.5408,76.0511	33.1063,76.6311	31.5227,76.8747	
55.0336,64.6095	53.4072,64.1285	51.7979,64.2442	50.2025,64.3829	48.5897,64.3778	46.9512,64.4282	45.3607,64.285	43.7963,64.8467	42.3222,65.126	40.6988,65.3287	39.1761,65.3912	37.4524,65.7719	35.9218,65.4546	34.4371,66.0539	33.0416,67.0701	31.6254,67.9313	30.3322,68.6991	28.6328,68.8013	
54.9967,64.603	53.3927,64.4573	51.8713,64.769	50.5071,65.5918	49.1527,66.4324	47.5074,66.621	45.9599,66.3484	44.44,66.4417	42.8473,66.4437	41.2553,66.1669	39.7334,65.436	38.4622,64.5284	37.1019,63.825	35.7977,62.9965	34.7902,61.778	33.2461,61.1454	31.4762,60.9139	29.9727,60.2668	
55.0122,64.6207	53.4847,64.8214	51.8672,65.0054	50.2791,64.9541	48.7199,65.1723	47.1305,65.4511	45.5187,65.4358	43.918,65.7908	42.3229,65.5361	40.7626,64.8214	39.1737,64.287	37.8286,63.5445	36.7768,62.3374	35.5212,61.2791	34.7167,59.9572	33.5589,58.9625	32.3497,58.0359	31.0219,57.0857	
55.006,64.5732	53.3657,64.2574	51.7872,64.7418	50.335,65.5861	48.9629,66.4393	47.6221,67.1348	46.2714,68.0224	45.0224,68.8654	43.6565,69.7102	42.4389,70.6471	41.23,71.5814	40.6688,73.1062	39.4885,74.1007	38.059,74.8277	36.9239,75.8112	35.7705,77.0597	34.3423,77.7625	32.7684,78.0981	
55.0322,64.6097	53.4854,65.0572	52.0368,65.5461	50.5965,66.1774	49.0727,66.6734	47.5834,67.3199	46.1409,68.0762	44.7327,68.9125	43.4523,69.8922	41.8908,70.2554	40.7947,71.5211	39.8224,72.9029	38.2346,73.7727	36.576,74.1728	35.3869,75.2391	33.9309,75.9836	32.4704,76.5337	30.9237,76.7954	
55.0161,64.5598	53.4279,64.5143	51.8044,64.4865	50.2965,64.615	48.729,65.1172	47.1202,65.273	45.7067,66.311	44.4025,67.2922	43.3683,68.5475	42.7392,70.1217	41.8813,71.4944	40.4806,72.2514	39.1889,73.0852	37.7056,73.5719	36.2101,74.0052	34.6877,74.2668	33.1953,74.5658	31.611,74.2315	
55.052,64.6134	53.5115,64.7252	52.0302,65.1174	50.6179,65.9231	49.4515,67.1451	47.9435,67.66	46.5538,68.5196	44.9196,68.8294	43.3059,69.0873	41.7475,69.1551	40.2186,68.6059	38.7047,67.8408	37.4063,66.7711	36.4424,65.3858	35.8012,63.9513	35.4559,62.4109	34.5315,61.1888	34.5673,59.5561	
54.995,64.6166	53.439,64.692	51.8897,65.0815	50.4341,65.7208	49.2099,66.8881	48.1766,68.1812	47.3155,69.6194	46.7046,71.0463	45.6075,72.2627	44.4755,73.2939	43.429,74.5519	42.4163,75.6975	41.9893,77.4128	41.2247,78.748	40.1888,79.8925	39.2219,81.0516	37.8946,82.0583	36.4045,82.6071	
55.0101,64.5609	53.4527,64.5299	51.961,64.9305	50.5064,65.5932	49.019,66.1662	47.4448,66.5589	45.9453,67.1657	44.2583,66.9748	42.7433,66.6364	41.2002,66.0246	39.6646,65.9714	37.9204,66.0567	36.4332,65.5621	34.9868,65.1353	33.5321,64.3176	32.2139,63.5338	30.9496,62.4806	29.5738,61.8163	
55.02,64.5868	53.4697,64.5824	51.9529,65.2957	50.4816,66.0185	49.194,67.0449	48.3013,68.4982	47.1695,69.5964	45.8327,70.5022	44.6895,71.8106	43.2397,72.6106	41.6681,73.1815	40.2251,73.9501	39.1315,75.0479	38.0187,76.2196	37.1139,77.4471	35.5714,78.0279	33.9772,78.2646	32.3326,77.6149	
55.0065,64.5868	53.4392,64.3268	51.9835,65.2214	50.5951,66.0095	49.1655,66.7368	47.6575,67.2995	46.3918,68.3206	45.2521,69.3138	43.7859,69.9596	42.6105,71.0526	41.2506,72.1944	39.9812,73.0291	39.0635,74.2957	38.0506,75.4464	36.8027,76.3639	35.2915,76.9021	33.8943,77.5415	32.3539,77.7974	
54.9966,64.602	53.4383,64.992	51.9662,65.7341	50.6525,66.6791	49.2968,67.4748	47.8684,68.1377	46.8811,69.5242	45.8142,70.9177	44.2534,71.5869	42.7182,71.9276	41.489,72.8777	40.1568,73.6132	38.5907,73.7531	37.0442,73.8535	35.5347,74.0604	34.0147,73.9216	32.5067,73.2319	31.3636,71.8319	
55.0204,64.6232	53.4422,64.626	52.0544,65.4406	50.6485,66.2216	49.3924,67.3449	48.1457,68.3298	47.0713,69.5453	46.5849,71.3368	46.1586,72.9347	44.8068,74.1923	43.8024,75.471	42.3914,76.2267	41.4588,77.4277	39.5774,77.6832	38.429,79.1351	37.6175,80.523	36.0003,81.4558	34.2995,81.6247	
55.0078,64.6585	53.4725,64.8647	51.9676,65.4958	50.6927,66.4668	49.3389,67.3283	47.7065,67.6914	46.1504,68.5296	44.7624,69.1343	43.5736,70.1276	42.2767,71.1317	41.2532,72.2678	40.4775,73.8246	39.7593,75.3066	39.5822,76.9019	39.4366,78.4409	39.7784,80.0057	39.8481,81.5202	39.5211,83.0256	
55.0527,64.6497	53.4745,64.6947	51.931,65.2024	50.4055,65.6459	48.805,66.005	47.2021,66.1322	45.6727,66.0023	44.2213,66.559	42.6942,66.6344	41.0468,66.6977	39.5408,65.7329	37.9582,65.7199	36.7048,64.7197	35.3932,63.8991	33.9542,63.3516	32.6896,62.4998	31.5647,61.4095	30.47,60.3164	