55.0101	64.7265	53.424	64.4604	52.1646	65.7471	51.4519	67.376	
55.027	64.7576	53.4849	65.1443	52.8882	67.174	52.2712	68.6075	
55.0247	64.7272	53.6752	65.7164	52.9439	67.3216	52.0124	68.5654	
55.0252	64.7346	53.5701	65.3816	52.7361	66.9534	51.8716	68.388	
55.0141	64.7605	53.672	65.7739	52.9105	67.3876	51.7046	68.3132	
55.0099	64.7886	53.3644	65.1438	52.2122	66.7104	51.7635	68.3716	
54.9963	64.8013	53.5339	65.7313	53.022	67.5564	51.8668	68.7301	
65.6674	64.2922	65.7571	63.8053	64.5636	61.2245	64.7222	59.5319	65.1757	57.9866	63.0997	56.8288	61.5838	55.9073	60.0178	55.0906	59.1421	53.6442	58.4082	52.1515	56.6378	51.6657	
65.6637	64.2884	65.9517	63.6898	65.5326	61.2661	66.0444	59.7357	67.2275	58.3351	64.2561	57.7384	63.4464	56.1511	61.5559	55.9099	60.2887	54.6	59.2939	53.1279	58.3051	51.8401	57.6389	50.0691	56.8548	48.513	
65.6588	64.2847	65.7607	63.6391	64.7226	61.0209	65.0116	59.4375	65.842	57.9715	64.5439	56.3951	62.6323	55.9145	56.4637	69.4587	54.7739	68.8091	53.1818	69.3524	51.5459	69.52	49.8425	69.7618	48.1274	69.9328	46.3755	69.9477	44.7023	69.8261	43.008	69.9138	41.333	69.8995	39.6541	70.1313	38.0161	70.0743	36.3873	69.6988	34.7411	69.4639	33.0825	69.2316	31.2504	69.2505	29.5813	68.9638	27.8953	68.8784	
56.3362	68.2379	54.6866	67.973	53.1139	67.9827	51.0411	68.3683	49.341	68.5124	47.5892	68.3222	46.0392	69.0365	44.5345	69.4243	42.7891	70.0062	41.1777	70.6714	39.5219	71.2521	38.2312	72.5413	37.3566	74.3365	36.1211	75.4905	34.6433	76.5379	32.9831	77.0653	31.4182	77.9863	29.7046	78.5901	
56.3421	68.2138	54.6252	68.2302	52.9204	68.3722	51.2836	68.1965	49.6759	68.1889	47.963	68.1654	46.2785	68.4085	44.5081	68.8909	42.8535	68.5586	41.2323	68.2264	39.6287	68.1869	37.9889	68.5525	36.1856	68.7699	34.4788	69.1978	32.9672	69.9436	31.3352	70.352	29.9755	71.3916	56.3617	69.3531	54.6615	68.957	53.0197	69.056	51.3206	68.7835	49.6494	68.6548	48.0874	68.6655	46.4927	68.6984	44.6805	68.3366	43.1194	67.8295	41.8424	66.6917	40.1793	66.1867	38.437	66.1975	36.7545	66.3415	35.1213	66.0635	33.4925	65.8276	31.8482	65.5368	29.882	65.4507	28.2398	66.1759	
56.4823	68.3156	54.7419	68.1485	53.0429	67.9336	51.2015	67.4522	49.4893	67.177	47.5786	67.2559	45.8144	67.8716	44.1331	68.0082	42.2924	68.51	40.3038	68.6526	38.4048	69.5293	37.0401	71.0709	34.9779	69.6668	
56.6016	69.6391	54.8063	69.2223	53.1061	69.3498	51.2777	69.4743	49.4839	69.1836	47.8306	69.2088	46.0331	69.3436	44.1479	69.7081	42.4454	68.7158	40.8377	67.7412	39.231	67.1234	37.542	66.154	35.7728	65.3595	33.9887	64.6081	32.7662	62.582	31.5476	61.2795	
56.4538	68.3611	54.783	67.9625	53.0322	67.6123	51.3744	67.2536	49.5822	66.9258	47.9613	66.1333	46.1043	66.2127	44.2623	66.1849	42.4696	66.496	40.6676	66.7108	38.9141	66.8657	37.2689	67.7022	35.4417	68.0469	33.5926	68.2434	31.9052	68.0092	30.0109	67.6532	28.0955	67.697	
56.4987	69.521	54.6476	69.1011	52.7922	68.7593	51.0964	68.6906	49.1808	68.8897	47.6356	69.8501	46.913	71.8197	45.9544	73.7183	45.7393	75.9517	45.4434	77.9513	47.2925	79.8383	56.546	69.8896	54.7015	69.3173	53.0494	69.7352	51.3829	69.7544	49.7855	69.9607	48.1732	70.1013	46.569	70.1008	44.9547	69.8669	43.4089	69.3034	41.8825	68.7461	40.3795	67.9302	38.9017	67.1791	37.7724	65.9639	36.5657	64.644	35.4041	63.4869	
56.4654	69.4598	54.6901	68.929	53.0036	69.6636	51.3756	70.1552	49.7202	70.315	48.0846	70.3847	46.4922	70.7371	44.6656	71.0427	43.0583	71.2631	41.3937	71.2739	39.7648	70.8286	38.1382	70.5828	36.5113	70.1842	34.8278	70.1339	33.1873	69.8487	31.5482	69.4978	30.3397	68.1355	28.7572	67.6134	
62.2467	73.0054	63.9439	73.9203	65.3904	74.8722	66.9849	75.6036	68.1967	76.728	69.4948	77.7246	70.9351	78.5931	71.7506	80.1196	72.8958	81.3098	74.1867	82.3393	66.3601	75.6334	67.5648	76.8741	68.7004	78.0245	69.8537	79.206	70.8096	80.7285	71.4123	82.3039	72.4562	83.5911	
62.2576	73.002	64.1216	73.8746	65.4627	74.9278	67.4446	75.4531	68.7724	76.5627	69.9481	77.7758	71.7288	78.0887	72.6435	79.5842	73.8569	80.8348	74.8086	82.1728	
61.9775	71.429	62.918	71.2134	63.1773	70.9639	63.7102	70.1101	63.6975	69.8942	63.6921	69.8584	63.7162	70.0375	63.6511	70.4524	63.0632	71.0312	61.9545	70.7302	61.6467	69.7747	62.4036	69.2197	62.3651	69.0431	62.0853	69.1301	61.7517	69.3807	61.5244	69.8825	62.2777	70.9511	62.5135	71.0796	61.8841	70.7914	

61.7429	73.4134	62.1593	75.1	61.7677	73.4112	62.3925	75.0202	63.1062	76.5623	63.3854	78.2173	64.0194	79.7555	64.3835	81.3975	64.948	83.0105	65.0133	84.7052	65.6316	86.228	65.7279	87.8885	66.2259	89.5896	66.1881	91.325	66.2482	92.9553	66.1308	94.6793	
61.7016	73.4097	62.2158	75.1118	62.5597	76.7492	62.4197	78.4665	62.2476	80.1445	62.2185	81.7505	62.7649	83.4941	62.8443	85.2387	63.2624	87.0636	63.1887	88.952	63.6808	90.5388	64.3276	92.1884	64.7377	93.7783	65.0476	95.4088	64.4063	97.1999	63.7367	99.0015	63.4507	100.605	











63.0775	102.502	





