55.0249,64.7279	53.4268,64.5831	52.1351,65.6303	50.544,65.7765	
55.0139,64.7205	53.5803,65.3862	52.9828,67.2642	51.9411,68.5258	
55.027,64.7581	53.65,65.601	53.0152,67.4022	52.2952,68.8671	
54.9882,64.7267	53.3352,64.6143	52.1169,65.9681	50.7295,66.7788	
55.0102,64.7264	53.5075,65.1982	52.6181,66.6994	51.3853,67.7665	
55.0141,64.7612	53.4399,64.9017	52.4045,66.6089	51.569,68.0509	
55.0098,64.7254	53.5153,65.1892	53.0897,67.2636	52.0344,68.35	
54.9882,64.7299	53.6417,65.7503	53.1009,67.5069	52.4312,68.9935	
54.9879,64.7261	53.4563,64.874	52.0681,65.7592	50.5982,66.4687	
55.025,64.7356	53.3728,64.4854	51.9718,65.1946	50.9601,66.7879	
55.0106,64.7383	53.2202,63.8324	51.6417,63.7817	50.1178,64.1436	
55.0269,64.7521	53.5714,65.3836	52.8842,67.1433	51.5809,68.0849	
55.0016,64.7309	53.4325,64.7661	52.2097,66.1697	51.3641,67.6661	
54.9882,64.7299	53.5564,65.2514	52.8265,66.9692	51.6571,67.9384	
55.0251,64.7363	53.3657,64.5755	52.185,65.9328	50.6434,66.3821	
54.999,64.7399	53.6446,65.7441	52.9952,67.3749	52.2819,68.7369	
54.9887,64.7368	53.4807,65.1812	52.5899,66.7549	51.427,67.876	
55.0149,64.7371	53.3616,64.5409	52.0689,65.6144	50.3695,65.5407	
55.0029,64.7474	53.3574,64.5154	52.0594,65.6709	51.1472,67.2059	
55.0124,64.7371	53.4597,64.519	51.9868,65.2417	50.9327,66.6957	
54.9887,64.7373	53.4714,65.2077	52.5447,66.6161	51.1208,67.4486	
55.0093,64.7182	53.3559,64.296	51.9525,65.246	50.4194,65.6502	
55.0252,64.7363	53.4481,64.8408	52.2738,66.0888	50.7046,66.4804	
55.0142,64.7581	53.5805,65.4344	52.9409,67.2094	52.0149,68.5212	
55.0263,64.7472	53.4049,64.4974	52.1727,65.7547	51.2146,67.1746	
55.0023,64.7437	53.5574,65.3837	52.7892,67.126	52.0294,68.5976	
54.9889,64.7418	53.4344,65.0505	52.4375,66.7337	51.9612,68.4052	
55.0252,64.7359	53.6347,65.3597	52.9811,67.1653	52.2632,68.6137	
54.9886,64.7368	53.4575,64.9138	52.3813,66.2673	50.9837,67.0693	
55.0131,64.7468	53.572,65.5622	52.8878,67.2011	52.0153,68.5986	
55.015,64.7336	53.4694,64.9174	52.2777,66.1461	51.5005,67.78	
55.0251,64.7363	53.4499,64.6211	52.2541,66.0349	50.7535,66.6844	
55.025,64.7283	53.5017,64.8804	52.2038,65.8593	51.3138,67.4151	
55.0159,64.7425	53.5499,65.3862	52.7566,66.9942	51.7642,68.2908	
55.0028,64.7436	53.4712,65.2182	52.8673,67.2607	52.1165,68.7394	
54.9889,64.7413	53.5652,65.1945	52.681,66.8643	51.6411,68.0998	
55.0101,64.7301	53.4028,64.4052	51.8501,64.2801	50.2909,64.4523	
55.0255,64.7364	53.39,64.5106	52.0081,65.3646	50.4386,65.6115	
55.0246,64.7285	53.4062,64.5011	52.0634,65.808	51.394,67.5939	
55.0125,64.7371	53.4639,65.2034	52.8637,67.0558	51.8293,68.1536	
55.0101,64.7277	53.5851,65.3227	53.1329,67.3585	52.014,68.4789	
55.0246,64.7286	53.5831,65.3621	52.8369,67.1119	51.9869,68.5083	
55.0252,64.7345	53.3845,64.5907	52.0795,65.6357	51.0538,67.0365	
55.0098,64.7266	53.5994,65.4032	52.9891,67.1286	51.8776,68.175	
55.0148,64.7379	53.3859,64.3618	51.8347,63.5479	50.2391,63.3994	
55.0137,64.7142	53.5273,65.305	53.1305,67.4462	52.2578,68.7511	
55.0251,64.7349	53.5033,64.8692	52.3152,66.1323	51.5855,67.789	
55.0262,64.7469	53.4483,64.6771	52.1735,65.6971	50.6162,66.177	
55.0255,64.7402	53.5906,65.3526	52.9939,67.2805	51.8544,68.4149	
55.0248,64.7291	53.5474,65.4787	52.763,67.1066	51.9997,68.5952	
55.0021,64.7309	53.4349,64.8836	52.1945,66.1916	51.4754,67.7104	
55.0002,64.7525	53.3414,64.2646	51.7589,64.7271	50.2009,65.1067	
55.0134,64.7141	53.3717,64.0697	51.9216,65.2388	50.4606,65.5732	
55.01,64.7273	53.4051,64.4042	52.0684,65.2375	50.9899,66.5495	
55.027,64.7586	53.7238,65.9219	53.2637,67.7625	52.3099,69.021	
54.9995,64.7386	53.5151,65.2064	52.7096,66.7854	51.5519,67.9117	
55.0111,64.7375	53.414,64.9751	52.2195,66.3416	50.7173,66.9324	
54.9892,64.7465	53.3647,64.7909	52.322,66.2487	51.3381,67.4869	
54.9988,64.7327	53.4195,64.6666	52.2156,65.9272	51.529,67.6241	
55.0028,64.7423	53.5594,65.4474	53.0535,67.3281	52.0165,68.5311	
55.0269,64.7574	53.4423,64.7565	52.1459,66.0145	51.1834,67.3938	
55.0138,64.7588	53.4177,64.6769	52.3066,66.0742	51.6102,67.7212	
55.0269,64.7574	53.4145,64.7564	52.2435,65.9984	50.6426,66.3342	
55.0262,64.7521	53.5155,64.9268	52.3091,66.2252	51.3949,67.6587	
55.0142,64.7219	53.7223,65.8944	53.326,67.814	52.6252,69.2492	
55.0134,64.713	53.4262,64.7121	52.1564,66.0869	50.5736,66.4176	
55.0129,64.7458	53.5775,65.549	53.0819,67.4238	51.9473,68.5765	
55.0006,64.7568	54.0449,66.1749	53.4763,67.7822	52.4609,69.0127	
55.0269,64.7528	53.476,64.6622	52.1728,65.6714	51.2587,67.2476	
55.0149,64.733	53.5433,65.2438	52.7019,66.8164	51.6154,67.9831	
55.0144,64.7662	53.4858,64.8627	52.1917,66.0543	51.4691,67.76	
54.9881,64.7293	53.567,65.557	52.9361,67.2784	51.694,68.3121	
55.0003,64.7567	53.5399,65.2418	52.9317,67.133	51.6445,68.1114	
55.0129,64.745	53.3574,64.7058	52.1209,66.011	51.3581,67.6923	
55.0253,64.7355	53.4659,65.1468	52.1952,66.0353	51.3622,67.635	
55.0133,64.7498	53.4028,64.661	52.1862,66.1317	50.7061,66.67	
54.9985,64.7118	53.2914,64.224	51.6862,64.3347	50.0964,64.4351	
54.9998,64.752	53.3842,64.6256	52.1799,65.9078	50.6767,66.4736	
55.0262,64.7525	53.4822,64.7765	52.1172,65.8911	50.5735,66.3056	
55.0001,64.7338	53.2982,64.4411	51.8811,65.4414	50.6938,66.6451	
55.0266,64.7527	53.3085,64.1283	51.9178,65.5477	50.8215,66.7874	
55.026,64.749	53.3896,64.3744	52.0904,65.7565	51.1641,67.2255	
55.0132,64.7499	53.5349,65.3909	52.8563,67.1861	51.7119,68.3263	
55.0264,64.7487	53.4227,64.6794	52.1892,65.9329	51.2007,67.2803	
55.0149,64.7679	53.3928,64.4794	52.111,65.8667	51.1475,67.2736	
55.0252,64.7372	53.4338,64.5943	51.9509,64.9268	50.5753,65.7683	
55.0261,64.7465	53.5296,64.8651	52.3331,66.2466	50.8394,66.8461	
54.998,64.7032	53.399,64.5589	52.2833,66.032	50.8612,66.7549	
54.9992,64.7394	53.5347,65.3633	52.9395,67.3817	52.5844,68.9615	
55.0257,64.7413	53.4501,64.653	52.2674,66.0771	51.4664,67.703	
55.0145,64.7262	53.4089,64.5998	52.1232,65.9053	50.4338,65.9082	
55.0256,64.7364	53.5567,65.1634	52.7137,66.9087	51.7067,68.1723	
55.0143,64.7581	53.4825,64.8327	52.2886,66.0051	51.3809,67.515	
55.0246,64.7287	53.662,65.8379	53.0852,67.6222	52.3487,69.0838	
55.0262,64.7512	53.4745,64.6368	52.1319,65.6431	51.2626,67.3087	
55.0009,64.7225	53.4052,64.7501	52.081,65.912	51.1871,67.365	
54.9882,64.7267	53.4161,64.5838	51.9214,65.3923	50.8492,66.776	
55.0262,64.7481	53.5348,65.1312	52.776,66.8096	51.9902,68.2049	
55.0016,64.7294	53.7043,65.9735	53.3145,67.9835	52.569,69.4057	
55.0147,64.7257	53.5334,65.1441	52.7739,66.9015	51.637,68.0463	
