0.00384615	1	1	1
0.0115385	3	1	1
0.0192308	5	1	1
0.0230769	6	1	1
0.0269231	7	1	1
0.0307692	8	1	1
0.0346154	9	1	1
0.0384615	10	1	0.888889
0.0423077	11	1	0.888889
0.0461538	12	1	0.888889
0.05	13	1	0.888889
0.0538462	14	1	0.888889
0.0576923	15	1	0.888889
0.0615385	16	1	0.888889
0.0653846	17	1	0.944444
0.0692308	18	1	0.888889
0.0730769	19	1	0.925397
0.0769231	20	1	0.9159
0.0807692	21	1	0.915927
0.0846154	22	1	0.833333
0.0884615	23	1	0.833333
0.1	26	1	0.935002
0.103846	27	1	0.935029
0.107692	28	1	0.990612
0.111538	29	1	1.04619
0.115385	30	1	1.03672
0.119231	31	1	1.02726
0.123077	32	1	1.02731
0.126923	33	1	0.998792
0.130769	34	1	0.979826
0.134615	35	1	0.979908
0.138462	36	1	0.952815
0.142308	37	1	0.952869
0.146154	38	1	0.933876
0.15	39	1	0.933957
0.153846	40	1	0.934039
0.157692	41	1	0.93412
0.161538	42	1	0.934201
0.165385	43	1	0.934283
0.169231	44	1	0.934364
0.173077	45	1	0.915398
0.176923	46	1	0.915479
0.180769	47	0.990741	0.906037
0.184615	48	0.990741	0.878456
0.188462	49	0.990741	0.87851
0.192308	50	0.990741	0.870302
0.196154	51	0.990741	0.851309
0.2	52	0.990741	0.841867
0.203846	53	0.990741	0.8229
0.207692	54	0.990741	0.822982
0.211538	55	0.990741	0.823063
0.215385	56	0.981481	0.823145
0.219231	57	0.972222	0.823226
0.223077	58	0.962963	0.823307
0.226923	59	0.953704	0.813865
0.230769	60	0.944444	0.804422
0.234615	61	0.944444	0.804531
0.238462	62	0.925926	0.785592
0.242308	63	0.916667	0.785727
0.246154	64	0.916667	0.766843
0.25	65	0.916667	0.757482
0.253846	66	0.916667	0.739289
0.257692	67	0.916667	0.72153
0.261538	68	0.907407	0.721639
0.265385	69	0.907407	0.712223
0.269231	70	0.898148	0.712359
0.273077	71	0.888889	0.712495
0.276923	72	0.87963	0.71263
0.280769	73	0.87037	0.712766
0.284615	74	0.851852	0.693854
0.288462	75	0.851852	0.684493
0.292308	76	0.842593	0.684656
0.296154	77	0.842593	0.675295
0.3	78	0.842593	0.665933
0.303846	79	0.824074	0.647076
0.307692	80	0.814815	0.637742
0.311538	81	0.805556	0.628408
0.315385	82	0.805556	0.60955
0.319231	83	0.796296	0.600216
0.323077	84	0.796296	0.600406
0.326923	85	0.787037	0.600596
0.330769	86	0.75	0.600786
0.334615	87	0.740741	0.600976
0.338462	88	0.740741	0.601166
0.342308	89	0.731481	0.592632
0.346154	90	0.712963	0.573748
0.35	91	0.712963	0.57391
0.353846	92	0.703704	0.564549
0.357692	93	0.694444	0.555188
0.361538	94	0.694444	0.546736
0.365385	95	0.685185	0.537348
0.369231	96	0.685185	0.52796
0.373077	97	0.675926	0.528123
0.376923	98	0.657407	0.499741
0.380769	99	0.648148	0.499958
0.384615	100	0.648148	0.500175
0.388462	101	0.638889	0.500392
0.392308	102	0.62037	0.500609
0.396154	103	0.611111	0.481779
0.4	104	0.611111	0.472472
0.403846	105	0.592593	0.472689
0.407692	106	0.583333	0.472906
0.411538	107	0.574074	0.463599
0.415385	108	0.574074	0.444796
0.419231	109	0.546296	0.44504
0.423077	110	0.537037	0.436045
0.426923	111	0.527778	0.426738
0.430769	112	0.518519	0.426955
0.434615	113	0.509259	0.408125
0.438462	114	0.509259	0.408342
0.442308	115	0.509259	0.408559
0.446154	116	0.5	0.399252
0.45	117	0.5	0.399469
0.453846	118	0.5	0.390162
0.457692	119	0.490741	0.390379
0.461538	120	0.472222	0.390596
0.465385	121	0.472222	0.390813
0.469231	122	0.472222	0.39103
0.473077	123	0.462963	0.381724
0.476923	124	0.453704	0.372417
0.480769	125	0.444444	0.372634
0.484615	126	0.444444	0.372851
0.488462	127	0.444444	0.373068
0.492308	128	0.435185	0.373285
0.496154	129	0.435185	0.355146
0.5	130	0.435185	0.345812
0.503846	131	0.425926	0.346002
0.507692	132	0.416667	0.337306
0.511538	133	0.407407	0.337469
0.515385	134	0.407407	0.337632
0.519231	135	0.398148	0.337795
0.523077	136	0.37963	0.337957
0.526923	137	0.37963	0.328596
0.530769	138	0.37963	0.319235
0.534615	139	0.37037	0.319398
0.538462	140	0.361111	0.319561
0.542308	141	0.351852	0.319723
0.546154	142	0.351852	0.319886
0.55	143	0.342593	0.310525
0.553846	144	0.333333	0.310078
0.557692	145	0.333333	0.30069
0.561538	146	0.333333	0.300825
0.565385	147	0.333333	0.291464
0.569231	148	0.333333	0.291627
0.573077	149	0.324074	0.29179
0.576923	150	0.314815	0.291953
0.580769	151	0.296296	0.292115
0.584615	152	0.287037	0.292278
0.588462	153	0.287037	0.292441
0.592308	154	0.287037	0.28308
0.596154	155	0.287037	0.283243
0.6	156	0.277778	0.283405
0.603846	157	0.277778	0.283568
0.607692	158	0.277778	0.273516
0.611538	159	0.277778	0.273651
0.615385	160	0.268519	0.273787
0.619231	161	0.268519	0.264426
0.623077	162	0.259259	0.255065
0.626923	163	0.240741	0.255228
0.630769	164	0.240741	0.25539
0.634615	165	0.240741	0.255553
0.638462	166	0.240741	0.255716
0.642308	167	0.240741	0.255879
0.646154	168	0.231481	0.256041
0.65	169	0.231481	0.24668
0.653846	170	0.231481	0.246843
0.657692	171	0.231481	0.247006
0.661538	172	0.222222	0.245447
0.665385	173	0.212963	0.236058
0.669231	174	0.212963	0.236221
0.673077	175	0.212963	0.236384
0.676923	176	0.212963	0.236547
0.680769	177	0.203704	0.227186
0.684615	178	0.194444	0.227348
0.688462	179	0.194444	0.227511
0.692308	180	0.194444	0.227674
0.696154	181	0.185185	0.227837
0.7	182	0.185185	0.227999
0.703846	183	0.185185	0.218638
0.707692	184	0.185185	0.218801
0.711538	185	0.166667	0.218964
0.715385	186	0.166667	0.219127
0.719231	187	0.166667	0.200242
0.723077	188	0.166667	0.200405
0.726923	189	0.166667	0.200567
0.730769	190	0.157407	0.20073
0.734615	191	0.148148	0.191369
0.738462	192	0.148148	0.191532
0.742308	193	0.138889	0.191695
0.746154	194	0.138889	0.191857
0.75	195	0.12963	0.19202
0.753846	196	0.12037	0.182659
0.757692	197	0.111111	0.182822
0.761538	198	0.111111	0.182985
0.765385	199	0.111111	0.183147
0.769231	200	0.111111	0.173786
0.773077	201	0.111111	0.164425
0.776923	202	0.101852	0.164588
0.780769	203	0.101852	0.164751
0.784615	204	0.101852	0.164914
0.788462	205	0.0925926	0.165076
0.792308	206	0.0925926	0.165239
0.796154	207	0.0925926	0.165402
0.8	208	0.0833333	0.165565
0.803846	209	0.0833333	0.165727
0.807692	210	0.0740741	0.16589
0.811538	211	0.0740741	0.166053
0.815385	212	0.0740741	0.166216
0.819231	213	0.0648148	0.166378
0.823077	214	0.0648148	0.166541
0.826923	215	0.0648148	0.166704
0.830769	216	0.0648148	0.157343
0.834615	217	0.0462963	0.157506
0.838462	218	0.037037	0.157668
0.842308	219	0.037037	0.157831
0.846154	220	0.037037	0.157994
0.85	221	0.0277778	0.158157
0.853846	222	0.0277778	0.158319
0.857692	223	0.0277778	0.158482
0.861538	224	0.0277778	0.158645
0.865385	225	0.0185185	0.158808
0.869231	226	0.0185185	0.15897
0.873077	227	0.0185185	0.159133
0.876923	228	0.0185185	0.159296
0.880769	229	0.0185185	0.159459
0.884615	230	0	0.159621
0.888462	231	0	0.159784
0.892308	232	0	0.159947
0.896154	233	0	0.16011
0.9	234	0	0.160273
0.903846	235	0	0.160435
0.907692	236	0	0.160598
0.911538	237	0	0.160761
0.915385	238	0	0.160924
0.919231	239	0	0.161086
0.923077	240	0	0.161249
0.926923	241	0	0.161412
0.930769	242	0	0.161575
0.934615	243	0	0.161737
0.938462	244	0	0.1619
0.942308	245	0	0.162063
0.946154	246	0	0.162226
0.95	247	0	0.162388
0.953846	248	0	0.162551
0.957692	249	0	0.162714
0.961538	250	0	0.162877
0.965385	251	0	0.163039
0.969231	252	0	0.163202
0.973077	253	0	0.163365
0.976923	254	0	0.163528
0.980769	255	0	0.16369
0.984615	256	0	0.163853
0.988462	257	0	0.164016
0.992308	258	0	0.164179
0.996154	259	0	0.164342
1	260	0	0.164504
1.00385	261	0	0.164667
1.00769	262	0	0.16483
1.01154	263	0	0.164993
1.01538	264	0	0.165155
1.01923	265	0	0.165318
0	266	0	0.165481
0	267	0	0.165644
0	268	0	0.165806
0	269	0	0.165969
0	270	0	0.166132
0	271	0	0.166295
0	272	0	0.166457
0	273	0	0.16662
